
Capa 0
N 1 : B -0.4322359315639053 -0.16953622330487966 0.20225442880445832 0.26866143810040166 -0.37448556708538766 0.010460836442947707 -0.4636452042862415 -0.3968849635846575 0.35517628919119726 -0.3591282427343674 0.2044262197596486 -0.04570507931720702 -0.2018277845936482 0.34380565721307854 0.47665607069270777 -0.36111149348408345 0.13822731332005656 0.2145996851347931 0.49524221532930923 -0.4591335051785944 0.12346627913954922 -0.20801357059560094 0.4235448848687635 
N 2 : B -0.053148429549152554 0.019335835766478016 -0.005594265995921166 0.484346576575315 -0.3537290472813093 0.004486741182014975 0.3579597294095527 -0.45737077874637344 -0.35471817015637364 -0.27290551603135393 0.24244579223569485 -0.26103528223936406 -0.39290351283027625 0.1438141641556716 0.5053670247993143 -0.1493139804102433 0.3850608022746308 0.16057481974797272 -0.02335156296240959 -0.3080826040719417 0.37840397140704585 0.28413038357862075 -0.27454630632117427 

Capa 1
N 1 : B 0.6782523018525258 -5.181145118217441 1.9629341793034663 
N 2 : B -0.36493060636325175 4.1317966986238535 -1.967717808305692 
N 3 : B 1.151591461880119 -2.8011254254542712 -0.5439696291673993 
N 4 : B 0.6812712772141686 -2.8457141255088794 0.23345116614855727 
N 5 : B -1.5689888859143433 6.884973965046957 -1.0504448958282704 

Capa 2
N 1 : B 0.3505949647723408 5.650724653818649 -4.526711855163764 2.851870780567806 3.153620417136421 -6.948217833726327 
